4043
4080
4082
4083
4042
4080
4082
4083
4042
4081
4084
4085
4042
4080
4082
4083
4042
4080
4082
4083
4042
4080
4082
4083
4042
4080
4082
4083
4043
4080
4082
4083
4042
4080
4082
4083
4042
4080
4082
4083
4043
4080
4082
4083
4042
4080
4081
4082
4042
4080
4082
4084
4042
4080
4082
4083
4042
4080
4082
4084
4042
4080
4082
4083
4042
4080
4082
4083
4042
4080
4081
4082
4042
4080
4083
4084
4042
4080
4082
4083
4042
4080
4082
4083
4042
4080
4082
4083
4042
4083
4085
4086
4042
4080
4082
4083
4042
4080
4082
4083
4042
4080
4082
4083
4042
4080
4083
4084
4042
4080
4082
4083
4042
4080
4082
4083
4042
4080
4082
4083
4042
4080
4082
4083
4042
4080
4083
4084
4042
4080
4082
4083
4042
4080
4082
4083
4042
4080
4082
4083
4042
4080
4081
4083
4042
4080
4082
4084
4042
4081
4084
4085
4042
4080
4082
4083
4042
4080
4082
4083
4042
4080
4082
4084
